0.000001	0.0000004458	0.0000000000	0.0000000000	0.0000006291
0.100001	0.0445622319	0.0023165930	0.0000973584	0.0627655127
0.200001	0.0889907911	0.0083589626	0.0006052586	0.1246386348
0.300001	0.1331523429	0.0185033706	0.0019864393	0.1847395850
0.400001	0.1769118288	0.0326061391	0.0046565559	0.2422102848
0.500001	0.2201319794	0.0505205856	0.0090041257	0.2962254848
0.600001	0.2626720274	0.0720704596	0.0153860836	0.3460024986
0.700001	0.3043865944	0.0970447551	0.0241197876	0.3908108385
0.800001	0.3451253561	0.1251967208	0.0354758280	0.4299824342
0.900001	0.3847199705	0.1562391055	0.0496699540	0.4629056616
1.000001	0.4229345117	0.1898231769	0.0668496244	0.4889768687
1.100001	0.4594909626	0.2255434598	0.0870871924	0.5076476772
1.200001	0.4940687255	0.2629332669	0.1103702427	0.5184408889
1.300001	0.5262085169	0.3014110698	0.1365716317	0.5208650326
1.400001	0.5554184245	0.3403278198	0.1654588349	0.5145515784
1.500001	0.5812578712	0.3790171595	0.1967111947	0.4993489093
1.600001	0.6033753275	0.4168298404	0.2299367756	0.4753518850
1.700001	0.6215329853	0.4531652432	0.2646930942	0.4429064446
1.800001	0.6356191530	0.4874975545	0.3005096173	0.4025933198
1.900001	0.6456459495	0.5193921655	0.3369082673	0.3551933053
2.000001	0.6517330211	0.5485099695	0.3734186782	0.3016403506
2.100001	0.6540808946	0.5745999433	0.4095863405	0.2429707272
2.200001	0.6529394279	0.5974829068	0.4449736588	0.1802761672
2.300001	0.6485772199	0.6170309916	0.4791557475	0.1146665210
2.400001	0.6412568769	0.6331477545	0.5117140193	0.0472440574
2.500001	0.6312191571	0.6457530927	0.5422309814	-0.0209118104
2.600001	0.6186768347	0.6547755338	0.5702891502	-0.0887529375
2.700001	0.6038172045	0.6601525794	0.5954758415	-0.1552684645
2.800001	0.5868108222	0.6618380461	0.6173941482	-0.2194924130
2.900001	0.5678234777	0.6598141073	0.6356790263	-0.2805153761
3.000001	0.5470284512	0.6541051242	0.6500163532	-0.3375009399
3.100001	0.5246166418	0.6447903646	0.6601622675	-0.3897057258
3.200001	0.5008029693	0.6320132121	0.6659600720	-0.4365006948
3.300001	0.4758283327	0.6159852851	0.6673524163	-0.4773907862
3.400001	0.4499572020	0.5969848106	0.6643872198	-0.5120300671
3.500001	0.4234715332	0.5753494665	0.6572166855	-0.5402301983
3.600001	0.3966620747	0.5514646031	0.6460896261	-0.5619609621
3.700001	0.3698183006	0.5257482096	0.6313380555	-0.5773426463
3.800001	0.3432181767	0.4986342182	0.6133595351	-0.5866310453
3.900001	0.3171188131	0.4705557333	0.5925970587	-0.5901966150
4.000001	0.2917488117	0.4419296132	0.5695183377	-0.5884998288
4.100001	0.2673028330	0.4131435290	0.5445962154	-0.5820649999
4.200001	0.2439386089	0.3845462575	0.5182916394	-0.5714547694
4.300001	0.2217763552	0.3564415427	0.4910401885	-0.5572471261
4.400001	0.2009002900	0.3290854569	0.4632426341	-0.5400162913
4.500001	0.1813617906	0.3026868234	0.4352594908	-0.5203181329
4.600001	0.1631836155	0.2774099966	0.4074090339	-0.4986800863
4.700001	0.1463645988	0.2533791515	0.3799679234	-0.4755949612
4.800001	0.1308842919	0.2306832312	0.3531734099	-0.4515176180
4.900001	0.1167071601	0.2093808359	0.3272261450	-0.4268633537
5.000001	0.1037861060	0.1895045665	0.3022928368	-0.4020069711
5.100001	0.0920652670	0.1710646003	0.2785083225	-0.3772818367
5.200001	0.0814821677	0.1540515247	0.2559769832	-0.3529786657
5.300001	0.0719693912	0.1384386274	0.2347737138	-0.3293441724
5.400001	0.0634559584	0.1241839154	0.2149448220	-0.3065800039
5.500001	0.0558682510	0.1112314830	0.1965081428	-0.2848408626
5.600001	0.0491298454	0.0995108948	0.1794499163	-0.2642281584
5.700001	0.0431623181	0.0889385870	0.1637253283	-0.2447889867
5.800001	0.0378885018	0.0794244730	0.1492689021	-0.2265300364
5.900001	0.0332354957	0.0708785137	0.1360058472	-0.2094339534
6.000001	0.0291361529	0.0632144916	0.1238591013	-0.1934701124
6.100001	0.0255292385	0.0563511319	0.1127518295	-0.1785989192
6.200001	0.0223592444	0.0502125064	0.1026087247	-0.1647744145
6.300001	0.0195761160	0.0447282192	0.0933569756	-0.1519464269
6.400001	0.0171348286	0.0398332088	0.0849265001	-0.1400615721
6.500001	0.0149945681	0.0354665725	0.0772480973	-0.1290608079
6.600001	0.0131182051	0.0315709667	0.0702527119	-0.1188786908
6.700001	0.0114731507	0.0280952529	0.0638778337	-0.1094546145
6.800001	0.0100315092	0.0249955433	0.0580707416	-0.1007391058
6.900001	0.0087688186	0.0222327603	0.0527838912	-0.0926867370
7.000001	0.0076634053	0.0197715423	0.0479730597	-0.0852534746
7.100001	0.0066960879	0.0175799323	0.0435971743	-0.0783968233
7.200001	0.0058499236	0.0156291245	0.0396182387	-0.0720761087
7.300001	0.0051099720	0.0138932120	0.0360012180	-0.0662526570
7.400001	0.0044630773	0.0123489382	0.0327138967	-0.0608898984
7.500001	0.0038976697	0.0109754594	0.0297267204	-0.0559534080
7.600001	0.0034035849	0.0097541203	0.0270126283	-0.0514109028
7.700001	0.0029719018	0.0086682434	0.0245468828	-0.0472322031
7.800001	0.0025947962	0.0077029340	0.0223069006	-0.0433891711
7.900001	0.0022654108	0.0068449013	0.0202720888	-0.0398556307
8.000001	0.0019777393	0.0060822938	0.0184236864	-0.0366072777
8.100001	0.0017265234	0.0054045502	0.0167446156	-0.0336215814
8.200001	0.0015071616	0.0048022637	0.0152193399	-0.0308776846
8.300001	0.0013156284	0.0042670593	0.0138337330	-0.0283563009
8.400001	0.0011484039	0.0037914840	0.0125749561	-0.0260396149
8.500001	0.0010024108	0.0033689066	0.0114313445	-0.0239111833
8.600001	0.0008749592	0.0029934293	0.0103923033	-0.0219558404
8.700001	0.0007636987	0.0026598074	0.0094482112	-0.0201596077
8.800001	0.0006665758	0.0023633779	0.0085903324	-0.0185096069
8.900001	0.0005817964	0.0020999958	0.0078107358	-0.0169939796
9.000001	0.0005077937	0.0018659768	0.0071022218	-0.0156018097
9.100001	0.0004431991	0.0016580465	0.0064582549	-0.0143230523
9.200001	0.0003868175	0.0014732953	0.0058729024	-0.0131484663
9.300001	0.0003376054	0.0013091374	0.0053407789	-0.0120695520
9.400001	0.0002946516	0.0011632753	0.0048569955	-0.0110784930
9.500001	0.0002571605	0.0010336677	0.0044171139	-0.0101681022
9.600001	0.0002244378	0.0009185009	0.0040171045	-0.0093317718
9.700001	0.0001958769	0.0008161633	0.0036533082	-0.0085634273
9.800001	0.0001709486	0.0007252231	0.0033224025	-0.0078574841
9.900001	0.0001491909	0.0006444083	0.0030213697	-0.0072088087
10.000001	0.0001302003	0.0005725886	0.0027474684	-0.0066126816
10.100001	0.0001136247	0.0005087598	0.0024982085	-0.0060647640
10.200001	0.0000991569	0.0004520294	0.0022713268	-0.0055610664
10.300001	0.0000865284	0.0004016045	0.0020647668	-0.0050979203
10.400001	0.0000755052	0.0003567806	0.0018766585	-0.0046719517
10.500001	0.0000658826	0.0003169313	0.0017053016	-0.0042800567
10.600001	0.0000574824	0.0002815002	0.0015491496	-0.0039193796
10.700001	0.0000501486	0.0002499925	0.0014067956	-0.0035872929
10.800001	0.0000437452	0.0002219685	0.0012769584	-0.0032813755
10.900001	0.0000381535	0.0001970368	0.0011584705	-0.0029993966
11.000001	0.0000332696	0.0001748497	0.0010502684	-0.0027392995
11.100001	0.0000290030	0.0001550975	0.0009513817	-0.0024991873
11.200001	0.0000252746	0.0001375048	0.0008609252	-0.0022773084
11.300001	0.0000220151	0.0001218262	0.0007780899	-0.0020720445
11.400001	0.0000191641	0.0001078431	0.0007021361	-0.0018818982
11.500001	0.0000166686	0.0000953607	0.0006323863	-0.0017054823
11.600001	0.0000144825	0.0000842049	0.0005682192	-0.0015415099
11.700001	0.0000125650	0.0000742205	0.0005090640	-0.0013887846
11.800001	0.0000108807	0.0000652683	0.0004543950	-0.0012461922
11.900001	0.0000093983	0.0000572236	0.0004037272	-0.0011126924
12.000001	0.0000080903	0.0000499745	0.0003566115	-0.0009873113
12.100001	0.0000069323	0.0000434201	0.0003126308	-0.0008691339
12.200001	0.0000059030	0.0000374691	0.0002713964	-0.0007572981
12.300001	0.0000049833	0.0000320387	0.0002325443	-0.0006509880
12.400001	0.0000041560	0.0000270535	0.0001957319	-0.0005494277
12.500001	0.0000034058	0.0000224442	0.0001606350	-0.0004518763
12.600001	0.0000027188	0.0000181466	0.0001269452	-0.0003576221
12.700001	0.0000020822	0.0000141009	0.0000943664	-0.0002659772
12.800001	0.0000014843	0.0000102511	0.0000626131	-0.0001762731
12.900001	0.0000009139	0.0000065436	0.0000314070	-0.0000878551
13.000001	0.0000003605	0.0000029270	0.0000004754	-0.0000000782
